11
0
10 1 2346.41 2 2036.53 3 1243.89 4 1052.87 5 1000.84 6 703.583 7 604.456 8 439.759 9 327.419 10 249.278 
1
10 0 2346.41 2 2036.53 3 1243.89 4 1052.87 5 1000.84 6 703.583 7 604.456 8 439.759 9 327.419 10 249.278 
2
10 1 2346.41 0 2036.53 3 1243.89 4 1052.87 5 1000.84 6 703.583 7 604.456 8 439.759 9 327.419 10 249.278 
3
10 1 2346.41 2 2036.53 0 1243.89 4 1052.87 5 1000.84 6 703.583 7 604.456 8 439.759 9 327.419 10 249.278 
4
10 1 2346.41 2 2036.53 3 1243.89 0 1052.87 5 1000.84 6 703.583 7 604.456 8 439.759 9 327.419 10 249.278 
5
10 1 2346.41 2 2036.53 3 1243.89 4 1052.87 0 1000.84 6 703.583 7 604.456 8 439.759 9 327.419 10 249.278 
6
10 1 2346.41 2 2036.53 3 1243.89 4 1052.87 5 1000.84 0 703.583 7 604.456 8 439.759 9 327.419 10 249.278 
7
10 1 2346.41 2 2036.53 3 1243.89 4 1052.87 5 1000.84 6 703.583 0 604.456 8 439.759 9 327.419 10 249.278 
8
10 1 2346.41 2 2036.53 3 1243.89 4 1052.87 5 1000.84 6 703.583 7 604.456 0 439.759 9 327.419 10 249.278 
9
10 1 2346.41 2 2036.53 3 1243.89 4 1052.87 5 1000.84 6 703.583 7 604.456 8 439.759 0 327.419 10 249.278 
10
10 1 2346.41 2 2036.53 3 1243.89 4 1052.87 5 1000.84 6 703.583 7 604.456 8 439.759 9 327.419 0 249.278 